Stock	ptb	debt_capital	bm	dltt_be	adv_sale	Cluster
AAPL	55116.44	55950.79	52700.93	49311.06	30142.89	3
AMGN	86105.65	84790.91	90960.52	87706.61	87766.15	2
AXP	29688.44	10306.17	28213.33	30283.58	0	3
BA	183397.8	203885.7	158237.8	125049.4	0	2
C	5051.162	2348.985	3637.494	3217.348	3164.041	3
CAT	47665.57	16384.63	49481.31	15800.35	0	3
CRM	154244.46	81216.07	153432.94	94116.73	41594.13	2
CSCO	5330.309	2515.527	5227.774	2280.789	1793.985	3
CVX	8591.695	4533.487	6743.544	4100.734	0	3
DIS	32388.29	39399.5	29766.29	37052.76	24612.39	3
DOW	443.5082	260.765	297.9569	239.207	0	3
GS	111781.22	65362.89	77796.87	46473.5	0	3
HD	186485.8	217422.3	217671	201552.1	184032.1	2
HON	63551.67	52920.64	65923.67	38222.05	0	3
IBM	13274.979	10603.331	14008.796	11758.145	8605.319	3
INTC	2747.802	3915.925	2575.275	3970.13	3679.205	3
JNJ	29878.07	27387.87	24649.15	26480.43	30693.85	3
JPM	43197.39	22808.26	42433.02	24465.22	14198.67	3
KO	1876.675	1680.127	1414.589	1787.943	1245.622	3
MCD	50782.76	90444.78	64021.91	71287.76	66905.52	3
MMM	48040.01	34091.88	45603.79	36253.07	37417.67	3
MRK	6814.324	7022.97	7899.298	6790.335	5741.286	3
MSFT	193477.5	139706.8	205860.4	135708.9	177328.6	2
NKE	32917.82	32545.41	32463.47	37732.85	27623.18	3
PG	20147.22	18210.07	19309.57	15007.81	13773.81	3
TRV	33902.56	16047.68	24783.2	14579.49	0	3
UNH	455015.8	413735.8	464032.3	320313.5	0	1
V	121159.84	99039.72	110430.88	93869.03	102963.64	2
VZ	1542.0733	1352.1626	1530.0007	1330.2866	883.9449	3
WBA	5796.148	4888.733	4507.462	3498.626	1446.449	3
WMT	24044.71	22041.55	24423.14	11088.99	10683.44	3
